POWERWALL_IP=127.0.0.1
POWERWALL_PASS=0R2D2
POWERWALL_LOCATION='lat=29.7231806&lon=-82.5562896'